0.000000000000000000e+00
5.978021081741229092e-02
8.532624394854652905e-02
1.092132928140079201e-01
1.316760451274081312e-01
1.531322937982996513e-01
1.738373515818352200e-01
1.939492616640981770e-01
2.135723272641369685e-01
2.327790627534511991e-01
2.516219103398617540e-01
2.701399524950188757e-01
2.883629947408726246e-01
3.063141744044795556e-01
3.240116969625997934e-01
3.414700319446152266e-01
3.587007608668468794e-01
3.757131936118585092e-01
3.925148262717629288e-01
4.091116877246449568e-01
4.255086064007905788e-01
4.417094186885301421e-01
4.577171339256117522e-01
4.735340665933090998e-01
4.891619433875408207e-01
5.046019908017536082e-01
5.198550074181177427e-01
5.349214240733161096e-01
5.498013543163461359e-01
5.644946370242956979e-01
5.790008726308765175e-01
5.933194541125247357e-01
6.074495936406916208e-01
6.213903456272682480e-01
6.351406267490348201e-01
6.486992334265996307e-01
6.620648571461513754e-01
6.752360979430523935e-01
6.882114763108194699e-01
7.009894437543009449e-01
7.135683921695644694e-01
7.259466622033553529e-01
7.381225507206609082e-01
7.500943174887630960e-01
7.618601911694392603e-01
7.734183746969836015e-01
7.847670501079044847e-01
7.959043828781897645e-01
8.068285258154688222e-01
8.175376225460785351e-01
8.280298106306120953e-01
8.383032243359342939e-01
8.483559970866292321e-01
8.581862636143214873e-01
8.677921618191311026e-01
8.771718343536352158e-01
8.863234299359157298e-01
8.952451043945878206e-01
9.039350214449665133e-01
9.123913531916253428e-01
9.206122803484853012e-01
9.285959921630561054e-01
9.363406860264172904e-01
9.438445667448215337e-01
9.511058454421580377e-01
9.581227380547316930e-01
9.648934633705387176e-01
9.714162405540142098e-01
9.776892860835876276e-01
9.837108100126028543e-01
9.894790114432735484e-01
9.949920730772434663e-01
1.000248154673228029e+00
1.005245385200081998e+00
1.009981853419354536e+00
1.014455596560863704e+00
1.018664586662334282e+00
1.022606714021366825e+00
1.026279767043579039e+00
1.029681407547437200e+00
1.032809140279559168e+00
1.035660274966578198e+00
1.038231878624621407e+00
1.040520714977000161e+00
1.042523166555475500e+00
1.044235133154562734e+00
1.045651897395546870e+00
1.046767943593890804e+00
1.047576708773902299e+00
1.048070232458793605e+00
1.048238650824399931e+00
1.048069443058866179e+00
1.047546266800406523e+00
1.046647078655332130e+00
1.045340938202596215e+00
1.043582220202090349e+00
1.041299343826331825e+00
1.038371774011422444e+00
1.034600313241241576e+00
1.029998843566621192e+00
1.000000000000000000e+00
1.029998843566620081e+00
1.034600313241241576e+00
1.038371774011421556e+00
1.041299343826331381e+00
1.043582220202090349e+00
1.045340938202595771e+00
1.046647078655331908e+00
1.047546266800406523e+00
1.048069443058865291e+00
1.048238650824400819e+00
1.048070232458793383e+00
1.047576708773902299e+00
1.046767943593891248e+00
1.045651897395547314e+00
1.044235133154563178e+00
1.042523166555475944e+00
1.040520714976999495e+00
1.038231878624621851e+00
1.035660274966577976e+00
1.032809140279559612e+00
1.029681407547437422e+00
1.026279767043579039e+00
1.022606714021367491e+00
1.018664586662334059e+00
1.014455596560864148e+00
1.009981853419354092e+00
1.005245385200083330e+00
1.000248154673228251e+00
9.949920730772435773e-01
9.894790114432741035e-01
9.837108100126032983e-01
9.776892860835879606e-01
9.714162405540142098e-01
9.648934633705389396e-01
9.581227380547325811e-01
9.511058454421591479e-01
9.438445667448225329e-01
9.363406860264181786e-01
9.285959921630573266e-01
9.206122803484867445e-01
9.123913531916263420e-01
9.039350214449678456e-01
8.952451043945892639e-01
8.863234299359170620e-01
8.771718343536374363e-01
8.677921618191322128e-01
8.581862636143227085e-01
8.483559970866312305e-01
8.383032243359364033e-01
8.280298106306142047e-01
8.175376225460806445e-01
8.068285258154704875e-01
7.959043828781913188e-01
7.847670501079064831e-01
7.734183746969855999e-01
7.618601911694404816e-01
7.500943174887640952e-01
7.381225507206624625e-01
7.259466622033562411e-01
7.135683921695658016e-01
7.009894437543022772e-01
6.882114763108202471e-01
6.752360979430538368e-01
6.620648571461525966e-01
6.486992334266007409e-01
6.351406267490354862e-01
6.213903456272689141e-01
6.074495936406921759e-01
5.933194541125254018e-01
5.790008726308778497e-01
5.644946370242969191e-01
5.498013543163474681e-01
5.349214240733174419e-01
5.198550074181189640e-01
5.046019908017543854e-01
4.891619433875422085e-01
4.735340665933097104e-01
4.577171339256126958e-01
4.417094186885310303e-01
4.255086064007914670e-01
4.091116877246456784e-01
3.925148262717635950e-01
3.757131936118591753e-01
3.587007608668476011e-01
3.414700319446155596e-01
3.240116969626002930e-01
3.063141744044801662e-01
2.883629947408732352e-01
2.701399524950189868e-01
2.516219103398618651e-01
2.327790627534513657e-01
2.135723272641372461e-01
1.939492616640980938e-01
1.738373515818351644e-01
1.531322937982996235e-01
1.316760451274082977e-01
1.092132928140079756e-01
8.532624394854662619e-02
5.978021081741236725e-02
0.000000000000000000e+00
